00101  5.0000  1.6432 72.7011 -0.6899
00102  5.0000  1.6587 73.5885 -0.6702
00103  5.0000  1.7823 80.4367 -0.6644
00104  5.0000  1.7129 76.6427 -0.6694
00105  5.0000  1.7407 78.1779 -0.5891
00106  5.0000  1.9042 86.7967 -0.6329
00107  5.0000  1.9745 90.2911 -0.6152
00108  5.0000  2.0908 95.8060 -0.6536
00201  6.0000  1.7588 79.1668 -0.7186
00202  6.0000  1.2234 46.4931 -0.7159
00203  6.0000  1.5466 67.0204 -0.6924
00204  6.0000  1.5612 67.8994 -0.6720
00205  6.0000  2.5566115.0413 -0.6569
00206  6.0000  2.3408106.6455 -0.6594
00207  6.0000  1.7865 80.6628 -0.6395
00301  5.0000  1.5041 64.4506 -0.7310
00302  4.0000  1.5343 66.2861 -0.7265
00303  6.0000  1.6467 72.9041 -0.6682
00304  6.0000  1.6499 73.0826 -0.7265
00305  6.0000  1.7342 77.8238 -0.6937
00306  4.0000  1.7653 79.5221 -0.6937
00307  7.0000  1.7884 80.7660 -0.6745
00308  6.0000  1.8336 83.1645 -0.7002
00309  5.0000  1.8383 83.4082 -0.6619
00401  6.0000  1.1811 43.6868 -0.8361
00402  6.0000  1.3031 51.7332 -0.8391
00403  6.0000  0.9632 29.1660 -0.8332
00404  6.0000  1.4292 59.8103 -0.7427
00405  6.0000  1.4314 59.9458 -0.7454
00406  6.0000  1.5310 66.0818 -0.6745
00407  6.0000  1.9462 88.9001 -0.7054
00501  6.0000  1.1687 42.8578 -0.7898
00502  6.0000  0.9271 26.7877 -0.8098
00503  7.0000  1.2320 47.0648 -0.8361
00504  6.0000  1.0193 32.8876 -0.8332
00505  6.0000  0.8462 21.5177 -0.7729
00601  5.0000  1.0999 38.2662 -0.8899
00602  5.0000  1.1617 42.3924 -0.8873
00603  5.0000  1.2075 45.4375 -0.8744
00701  5.0000  1.3484 54.6694 -0.8098
00702  5.0000  1.3852 57.0266 -0.8342
00801  5.0000  2.1117 96.7631 -0.5890
00802  5.0000  2.2054100.9376 -0.5773
00803  5.0000  2.4292110.1832 -0.5505
00804  5.0000  2.5789115.8659 -0.5261
00805  5.0000  2.7901123.2951 -0.4985
00806  5.0000  2.8546125.4430 -0.4921
00807  5.0000  3.0867132.7518 -0.4600
00901  5.0000  1.6231 71.5408 -0.6809
00902  5.0000  1.5713 68.4966 -0.6830
00903  5.0000  1.6512 73.1593 -0.6796
00904  5.0000  1.7553 78.9759 -0.6494
00905  5.0000  1.8588 84.4766 -0.6452
00906  5.0000  1.8891 86.0279 -0.6452
00907  5.0000  2.0216 92.5642 -0.6148
00908  5.0000  2.0086 91.9386 -0.6104
00909  5.0000  2.0628 94.5068 -0.6108
01001  6.0000  0.9196 26.2896 -1.1106
01002  6.0000  0.9795 30.2429 -1.0538
01003  6.0000  1.0749 36.5979 -1.0319
01004  6.0000  0.8575 22.2448 -1.0247
01005  6.0000  1.1984 44.8367 -0.9489
01006  6.0000  1.0380 34.1346 -0.9228
01007  6.0000  1.0900 37.6045 -0.9325
01008  6.0000  0.8440 21.3783 -0.9896
01009  6.0000  0.9989 31.5299 -0.9407
01010  6.0000  0.9397 27.6146 -0.9424
01101  9.0000  1.2316 47.0339 -0.8899
01102  9.0000  1.2268 46.7152 -0.8899
01103  9.0000  1.3327 53.6539 -0.8491
01104  9.0000  1.3086 52.0887 -0.8491
01105  9.0000  1.2875 50.7092 -0.8491
01106  9.0000  1.3900 57.3309 -0.8195
01107  8.0000  1.3761 56.4417 -0.7860
01108  8.0000  1.4624 61.8808 -0.7813
01109  8.0000  1.4569 61.5433 -0.7813
01201  8.0000  1.2430 47.7889 -0.8700
01202  8.0000  1.2322 47.0773 -0.8700
01203  8.0000  1.2257 46.6426 -0.8700
01204  8.0000  1.3076 52.0264 -0.8390
01205  8.0000  1.2933 51.0920 -0.8400
01206  8.0000  1.2587 48.8207 -0.8400
01207  8.0000  1.4142 58.8656 -0.7950
01208  8.0000  1.3691 55.9970 -0.8000
01209  8.0000  1.3486 54.6785 -0.8100
01301  9.0000  1.1850 43.9429 -0.9325
01302  9.0000  1.1728 43.1351 -0.9004
01303  9.0000  1.1619 42.4036 -0.9271
01304  9.0000  1.2338 47.1790 -0.9325
01305  9.0000  1.2308 46.9800 -0.9004
01306  9.0000  1.2348 47.2486 -0.8925
01307  9.0000  1.2869 50.6702 -0.8692
01308  9.0000  1.2931 51.0797 -0.8693
01309  9.0000  1.3005 51.5582 -0.8693
01401 10.0000  1.3221 52.9642 -0.8272
01402  9.0000  1.4002 57.9763 -0.8243
01403  9.0000  1.4053 58.3018 -0.8243
01404  8.0000  1.3703 56.0711 -0.8026
01405  7.0000  1.4586 61.6435 -0.7982
01406  6.0000  1.4540 61.3603 -0.7673
01407  8.0000  1.4505 61.1417 -0.7728
01408  6.0000  1.5214 65.5057 -0.8002
01409  7.0000  1.5336 66.2421 -0.7673
01501  8.0000  1.5187 65.3365 -0.7580
01502  8.0000  1.4537 61.3428 -0.7600
01503  8.0000  1.3809 56.7486 -0.7860
01504  5.0000  1.3932 57.5370 -0.8126
01601  5.0000  1.9518 89.1748 -0.6330
01602  5.0000  1.9176 87.4741 -0.5774
01603  5.0000  1.9488 89.0251 -0.6128
01604  5.0000  2.0051 91.7744 -0.6330
01605  5.0000  2.0732 94.9903 -0.6048
01606  5.0000  2.0829 95.4414 -0.5914
01607  5.0000  2.1892100.2279 -0.6330
01608  5.0000  2.1921100.3539 -0.5716
01609  5.0000  2.2506102.8835 -0.5704
01701  5.0000  0.9214 26.4090 -1.0355
01702  5.0000  1.0151 32.6100 -0.9913
01703  5.0000  1.0197 32.9165 -0.9770
01801  5.0000  1.4381 60.3648 -0.7883
01802  5.0000  1.4291 59.8052 -0.8002
01803  5.0000  1.4491 61.0546 -0.7954
01804  5.0000  1.4256 59.5852 -0.8098
01805  5.0000  1.4029 58.1499 -0.8170
01806  5.0000  1.3318 53.5960 -0.8195
01807  5.0000  1.2775 50.0575 -0.8243
01808  5.0000  1.0970 38.0757 -0.8243
01901  5.0000  1.0538 35.1889 -0.9163
01902  5.0000  1.1295 40.2452 -0.9163
01903  5.0000  1.1591 42.2177 -0.9004
02001  6.0000  0.9513 28.3804 -1.0538
02002  5.0000  0.9568 28.7427 -1.0428
02003  5.0000  1.0208 32.9875 -1.0000
02004  6.0000  1.0151 32.6100 -1.0000
02005  5.0000  1.0814 37.0310 -0.9545
02006  5.0000  1.0864 37.3646 -0.9556
02007  5.0000  1.1085 38.8414 -0.9109
02008  5.0000  1.1683 42.8310 -0.9136
02009  5.0000  1.1545 41.9160 -0.9545
02010  7.0000  1.1588 42.1998 -0.9136
02101  6.0000  1.0247 33.2478 -1.0977
02102  6.0000  0.9801 30.2797 -1.1041
02103  6.0000  0.9221 26.4593 -1.0913
02104  6.0000  1.1011 38.3465 -1.0235
02105  7.0000  1.1028 38.4576 -1.0295
02106  6.0000  1.0453 34.6231 -1.0355
02107  7.0000  1.1422 41.0949 -0.9656
02108  7.0000  1.1572 42.0952 -0.9656
02109  7.0000  1.1276 40.1182 -0.9770
02201  5.0000  1.8214 82.5186 -0.6766
02202  5.0000  1.7621 79.3472 -0.6847
02203  5.0000  1.7078 76.3602 -0.6894
02204  5.0000  1.8961 86.3887 -0.6556
02205  5.0000  1.8409 83.5420 -0.6452
02206  5.0000  1.8136 82.1074 -0.6577
02207  5.0000  1.9761 90.3690 -0.6168
02208  5.0000  1.9611 89.6329 -0.6152
02209  5.0000  1.9313 88.1600 -0.6208
02210  5.0000  2.0520 94.0014 -0.5914
02301  8.0000  1.3771 56.5051 -0.8292
02302  8.0000  1.3919 57.4545 -0.7400
02303  7.0000  1.4653 62.0644 -0.7897
02304  7.0000  1.4749 62.6556 -0.7558
02305  8.0000  1.4416 60.5881 -0.7720
02306  7.0000  1.5903 69.6228 -0.8195
02401  7.0000  0.8578 22.2650 -1.0464
02402  7.0000  0.8295 20.4478 -1.0141
02403  7.0000  0.9720 29.7463 -1.1204
02404  7.0000  0.9507 28.3366 -1.0724
02405  7.0000  0.9737 29.8568 -1.0612
02406  7.0000  1.0394 34.2253 -1.1106
02407  7.0000  1.0787 36.8527 -1.0355
02501  8.0000  1.1311 40.3514 -0.9004
02502  7.0000  1.1869 44.0691 -0.8744
02503  9.0000  1.2419 47.7165 -0.9067
02505 10.0000  1.2394 47.5481 -0.8723
02506  9.0000  1.2984 51.4252 -0.9030
02507  9.0000  1.2604 48.9373 -0.8616
02508  9.0000  1.3098 52.1662 -0.8491
02509 10.0000  1.3446 54.4233 -0.8480
02601  6.0000  1.1425 41.1102 -0.8511
02602  6.0000  1.0099 32.2602 -0.8481
02603  6.0000  1.2034 45.1701 -0.7701
02604  6.0000  1.9086 87.0169 -0.7618
02701  5.0000  0.9384 27.5288 -0.9827
02702  5.0000  1.0444 34.5580 -0.9490
02801  5.0000  1.2094 45.5631 -0.8617
02802  5.0000  1.3218 52.9497 -0.8342
02803  5.0000  1.3172 52.6460 -0.8292
02901  6.0000  1.1542 41.8953 -0.7212
02902  6.0000  1.0383 34.1524 -0.7292
02903  6.0000  1.3812 56.7682 -0.7089
02904  6.0000  1.1004 38.2982 -0.6720
02905  6.0000  1.4151 58.9230 -0.6669
02906  6.0000  1.1664 42.7040 -0.6694
02907  6.0000  1.5436 66.8452 -0.6745
02908  6.0000  1.5835 69.2211 -0.6346
03001  5.0000  1.0626 35.7748 -0.9200
03002  5.0000  1.0566 35.3758 -0.9004
03003  5.0000  0.9560 28.6892 -0.9657
03004  5.0000  1.2545 48.5432 -0.8847
03005  5.0000  1.1489 41.5363 -0.8847
03006  5.0000  1.0731 36.4769 -0.9325
03007  5.0000  1.0216 33.0429 -0.9713
03008  5.0000  1.0327 33.7781 -0.9827
03009  5.0000  1.1041 38.5473 -0.9325
03010  5.0000  1.1002 38.2892 -0.9217
03101  5.0000  1.3140 52.4387 -0.7132
03102  5.0000  1.3228 53.0117 -0.7346
03103  5.0000  1.5230 65.5990 -0.7310
03104  5.0000  1.5631 68.0071 -0.7221
03105  5.0000  1.6364 72.3087 -0.7045
03106  5.0000  1.7410 78.1975 -0.6937
03107  5.0000  1.7063 76.2744 -0.7089
03108  5.0000  1.6144 71.0355 -0.7310
03201  5.0000  1.0128 32.4568 -1.1303
03202  6.0000  1.0142 32.5459 -1.1237
03203  6.0000  1.0131 32.4719 -1.1171
03204  7.0000  1.0497 34.9107 -1.0913
03205  7.0000  1.0416 34.3701 -1.0818
03206  7.0000  1.0668 36.0540 -1.0786
03207  7.0000  1.0523 35.0895 -1.0538
03208  7.0000  1.0762 36.6805 -1.0599
03209  7.0000  1.0838 37.1881 -1.0446
03301  8.0000  1.2471 48.0584 -0.8800
03302  8.0000  1.2332 47.1387 -0.8800
03303  7.0000  1.1695 42.9113 -0.8000
03304  7.0000  1.2549 48.5698 -0.8491
03305  8.0000  1.2669 49.3625 -0.8440
03306  7.0000  1.2005 44.9752 -0.8590
03307  8.0000  1.1978 44.7979 -0.8600
03308  7.0000  1.3069 51.9799 -0.8230
03309  8.0000  1.3212 52.9097 -0.8100
03310  6.0000  1.2668 49.3558 -0.8290
03401  7.0000  1.5076 64.6607 -0.7400
03402  6.0000  1.6171 71.1923 -0.7426
03403  5.0000  1.6470 72.9173 -0.7177
03404  6.0000  1.6470 72.9190 -0.7133
03405  6.0000  1.7107 76.5175 -0.7355
03406  4.0000  1.7261 77.3771 -0.7106
03407  6.0000  1.7634 79.4154 -0.6924
03408  6.0000  1.8259 82.7601 -0.6873
03409  6.0000  1.7299 77.5871 -0.6916
03501  6.0000  1.1010 38.3386 -0.9691
03502  6.0000  1.1297 40.2593 -0.9913
03503  6.0000  1.0921 37.7433 -0.9293
03504  6.0000  0.9176 26.1588 -0.9930
03505  6.0000  0.8857 24.0792 -0.9325
03506  6.0000  1.0915 37.7076 -1.0141
03507  6.0000  0.9680 29.4819 -0.9489
03508  6.0000  0.9328 27.1606 -1.0000
03509  6.0000  1.0836 37.1799 -0.9434
03601  5.0000  1.0875 37.4392 -0.8821
03602  5.0000  1.1644 42.5758 -0.8617
03603  5.0000  1.2715 49.6667 -0.8490
03604  5.0000  1.2656 49.2768 -0.8391
03605  5.0000  1.1878 44.1318 -0.8541
03606  5.0000  1.0779 36.7956 -0.8847
03607  5.0000  1.1215 39.7130 -0.8693
03608  5.0000  1.1850 43.9427 -0.8491
03609  5.0000  1.1863 44.0294 -0.8516
03610  5.0000  1.0911 37.6808 -0.8847
03701  5.0000  1.1609 42.3398 -0.8243
03801  5.0000  1.5413 66.7020 -0.6976
03802  5.0000  1.6666 74.0369 -0.6958
03803  5.0000  1.7062 76.2720 -0.6915
03804  5.0000  1.8151 82.1902 -0.6745
03805  5.0000  1.7856 80.6140 -0.6703
03806  5.0000  1.8377 83.3783 -0.6660
03807  5.0000  1.9207 87.6303 -0.6494
03901  7.0000  1.1002 38.2852 -1.0000
03902  7.0000  1.1253 39.9660 -1.0176
03903  7.0000  1.1068 38.7283 -1.0176
03904  7.0000  1.0097 32.2496 -0.9545
03905  7.0000  1.1668 42.7355 -0.9656
03906  7.0000  1.1869 44.0713 -0.9741
03907  7.0000  1.1419 41.0740 -0.9827
03908  5.0000  1.2017 45.0573 -0.9434
03909  7.0000  1.2061 45.3468 -0.9489
04001  5.0000  1.4670 62.1664 -0.7132
04002  5.0000  1.4393 60.4450 -0.7212
04003  8.0000  1.5533 67.4253 -0.7230
04004  3.0000  1.6255 71.6797 -0.5831
04101  5.0000  1.5893 69.5654 -0.6745
04102  6.0000  1.8407 83.5335 -0.6453
04103  6.0000  1.9724 90.1852 -0.6371
04104  6.0000  2.0228 92.6207 -0.6249
04105  6.0000  1.8512 84.0822 -0.6009
04106  4.0000  1.9984 91.4477 -0.5891
04107  7.0000  2.2922104.6401 -0.5658
04108  6.0000  2.2721103.7968 -0.5581
04109  7.0000  2.5530114.9103 -0.5243
04110  7.0000  2.7976123.5495 -0.4913
04201  6.0000  1.2063 45.3597 -0.8302
04202  6.0000  1.5777 68.8796 -0.7590
04203  6.0000  1.1403 40.9628 -0.8632
04204  6.0000  1.0442 34.5437 -0.7926
04205  6.0000  0.8784 23.6037 -0.8601
04206  6.0000  1.0903 37.6259 -0.8391
04207  6.0000  1.2945 51.1727 -0.7926
04301  5.0000  0.9635 29.1840 -0.9827
04302  5.0000  1.0172 32.7488 -0.9660
04303  5.0000  1.0046 31.9112 -0.9435
04401  5.0000  1.5408 66.6777 -0.7627
04402  5.0000  1.4723 62.4949 -0.7673
04403  5.0000  1.4163 58.9973 -0.7627
04404  5.0000  1.3309 53.5339 -0.8002
04405  5.0000  1.2688 49.4864 -0.8002
04406  5.0000  1.2645 49.2034 -0.7536
04501  6.0000  0.9933 31.1590 -1.0837
04502  6.0000  1.0590 35.5372 -1.1263
04503  6.0000  1.0944 37.9023 -1.0958
04504  6.0000  0.9970 31.4030 -1.0990
04505  6.0000  0.8397 21.0968 -1.0875
04506  6.0000  0.8702 23.0674 -1.0875
04507  6.0000  1.0812 37.0163 -1.1145
04508  6.0000  1.1854 43.9722 -1.0599
04509  6.0000  0.9563 28.7057 -1.1184
04510  6.0000  1.0642 35.8841 -1.0612
04601  5.0000  1.2802 50.2362 -0.8243
04602  5.0000  1.2765 49.9920 -0.7954
04603  5.0000  1.3676 55.9006 -0.8122
04604  5.0000  1.1486 41.5180 -0.7954
04605  5.0000  1.2586 48.8139 -0.7694
04606  5.0000  1.2554 48.6025 -0.8098
04701  6.0000  1.0195 32.9024 -1.0355
04702  7.0000  0.9935 31.1687 -1.0176
04703  7.0000  1.0027 31.7823 -1.0105
04704  7.0000  1.1086 38.8455 -0.9741
04705  8.0000  1.0903 37.6269 -0.9742
04706  7.0000  1.0752 36.6146 -0.9713
04707  7.0000  1.1480 41.4777 -0.9407
04708  7.0000  1.1472 41.4249 -0.9379
04709  8.0000  1.1439 41.2053 -0.9352
04801  6.0000  0.7691 16.6073 -0.9896
04802  6.0000  0.7666 16.4522 -0.9490
04803  6.0000  0.8793 23.6603 -0.9099
04804  7.0000  0.9458 28.0166 -0.9663
04805  7.0000  1.0114 32.3629 -0.9656
04806  7.0000  1.0248 33.2550 -0.9827
04807  7.0000  1.0638 35.8544 -0.9489
04808  7.0000  1.0195 32.9029 -0.9331
04809  7.0000  0.9199 26.3133 -0.9004
04810  7.0000  0.9200 26.3177 -0.9009
